 # Values of X and Y when h = 0.01 [Runge-Kutta 2nd order method]
   0.00000000      0.500000000    
   9.99999978E-03  0.500050008    
   1.99999996E-02  0.500200033    
   2.99999993E-02  0.500450194    
   3.99999991E-02  0.500800610    
   4.99999970E-02  0.501251519    
   5.99999949E-02  0.501803219    
   6.99999928E-02  0.502456009    
   7.99999908E-02  0.503210247    
   8.99999887E-02  0.504066408    
   9.99999866E-02  0.505025029    
  0.109999985      0.506086707    
  0.119999982      0.507252038    
  0.129999980      0.508521736    
  0.139999986      0.509896576    
  0.149999991      0.511377394    
  0.159999996      0.512965143    
  0.170000002      0.514660716    
  0.180000007      0.516465187    
  0.190000013      0.518379629    
  0.200000018      0.520405233    
  0.210000023      0.522543252    
  0.220000029      0.524794996    
  0.230000034      0.527161896    
  0.240000039      0.529645383    
  0.250000030      0.532247007    
  0.260000020      0.534968376    
  0.270000011      0.537811220    
  0.280000001      0.540777326    
  0.289999992      0.543868542    
  0.299999982      0.547086835    
  0.309999973      0.550434232    
  0.319999963      0.553912878    
  0.329999954      0.557525039    
  0.339999944      0.561272979    
  0.349999934      0.565159142    
  0.359999925      0.569186032    
  0.369999915      0.573356271    
  0.379999906      0.577672541    
  0.389999896      0.582137764    
  0.399999887      0.586754799    
  0.409999877      0.591526747    
  0.419999868      0.596456766    
  0.429999858      0.601548195    
  0.439999849      0.606804430    
  0.449999839      0.612228990    
  0.459999830      0.617825627    
  0.469999820      0.623598099    
  0.479999810      0.629550397    
  0.489999801      0.635686636    
  0.499999791      0.642011106    
  0.509999812      0.648528159    
  0.519999802      0.655242383    
  0.529999793      0.662158549    
  0.539999783      0.669281542    
  0.549999774      0.676616490    
  0.559999764      0.684168637    
  0.569999754      0.691943407    
  0.579999745      0.699946523    
  0.589999735      0.708183825    
  0.599999726      0.716661334    
  0.609999716      0.725385368    
  0.619999707      0.734362483    
  0.629999697      0.743599355    
  0.639999688      0.753103018    
  0.649999678      0.762880683    
  0.659999669      0.772939861    
  0.669999659      0.783288300    
  0.679999650      0.793934047    
  0.689999640      0.804885447    
  0.699999630      0.816151083    
  0.709999621      0.827739954    
  0.719999611      0.839661241    
  0.729999602      0.851924598    
  0.739999592      0.864539921    
  0.749999583      0.877517521    
  0.759999573      0.890868068    
  0.769999564      0.904602587    
  0.779999554      0.918732584    
  0.789999545      0.933269918    
  0.799999535      0.948226869    
  0.809999526      0.963616192    
  0.819999516      0.979451120    
  0.829999506      0.995745361    
  0.839999497       1.01251316    
  0.849999487       1.02976918    
  0.859999478       1.04752874    
  0.869999468       1.06580770    
  0.879999459       1.08462250    
  0.889999449       1.10399020    
  0.899999440       1.12392843    
  0.909999430       1.14445567    
  0.919999421       1.16559088    
  0.929999411       1.18735373    
  0.939999402       1.20976484    
  0.949999392       1.23284543    
  0.959999382       1.25661767    
  0.969999373       1.28110445    
  0.979999363       1.30632949    
  0.989999354       1.33231759    
