 # Values of X and Y when h = 0.01 [Runge-Kutta 4th order method]
   0.00000000      0.500000000    
   9.99999978E-03  0.500050008    
   1.99999996E-02  0.500200033    
   2.99999993E-02  0.500450194    
   3.99999991E-02  0.500800610    
   4.99999970E-02  0.501251519    
   5.99999949E-02  0.501803219    
   6.99999928E-02  0.502456009    
   7.99999908E-02  0.503210247    
   8.99999887E-02  0.504066408    
   9.99999866E-02  0.505025029    
  0.109999985      0.506086707    
  0.119999982      0.507252038    
  0.129999980      0.508521736    
  0.139999986      0.509896576    
  0.149999991      0.511377394    
  0.159999996      0.512965143    
  0.170000002      0.514660716    
  0.180000007      0.516465187    
  0.190000013      0.518379629    
  0.200000018      0.520405233    
  0.210000023      0.522543252    
  0.220000029      0.524795055    
  0.230000034      0.527161956    
  0.240000039      0.529645443    
  0.250000030      0.532247066    
  0.260000020      0.534968436    
  0.270000011      0.537811279    
  0.280000001      0.540777385    
  0.289999992      0.543868601    
  0.299999982      0.547086895    
  0.309999973      0.550434351    
  0.319999963      0.553913057    
  0.329999954      0.557525218    
  0.339999944      0.561273158    
  0.349999934      0.565159321    
  0.359999925      0.569186211    
  0.369999915      0.573356450    
  0.379999906      0.577672780    
  0.389999896      0.582138002    
  0.399999887      0.586755097    
  0.409999877      0.591527104    
  0.419999868      0.596457183    
  0.429999858      0.601548672    
  0.439999849      0.606804967    
  0.449999839      0.612229645    
  0.459999830      0.617826343    
  0.469999820      0.623598933    
  0.479999810      0.629551351    
  0.489999801      0.635687709    
  0.499999791      0.642012298    
  0.509999812      0.648529470    
  0.519999802      0.655243814    
  0.529999793      0.662160099    
  0.539999783      0.669283271    
  0.549999774      0.676618338    
  0.559999764      0.684170663    
  0.569999754      0.691945612    
  0.579999745      0.699948907    
  0.589999735      0.708186388    
  0.599999726      0.716664135    
  0.609999716      0.725388467    
  0.619999707      0.734365821    
  0.629999697      0.743602991    
  0.639999688      0.753106952    
  0.649999678      0.762884974    
  0.659999669      0.772944510    
  0.669999659      0.783293307    
  0.679999650      0.793939471    
  0.689999640      0.804891288    
  0.699999630      0.816157401    
  0.709999621      0.827746749    
  0.719999611      0.839668572    
  0.729999602      0.851932466    
  0.739999592      0.864548385    
  0.749999583      0.877526581    
  0.759999573      0.890877783    
  0.769999564      0.904613018    
  0.779999554      0.918743730    
  0.789999545      0.933281839    
  0.799999535      0.948239625    
  0.809999526      0.963629842    
  0.819999516      0.979465723    
  0.829999506      0.995760977    
  0.839999497       1.01252985    
  0.849999487       1.02978706    
  0.859999478       1.04754782    
  0.869999468       1.06582808    
  0.879999459       1.08464420    
  0.889999449       1.10401332    
  0.899999440       1.12395310    
  0.909999430       1.14448190    
  0.919999421       1.16561866    
  0.929999411       1.18738329    
  0.939999402       1.20979631    
  0.949999392       1.23287892    
  0.959999382       1.25665319    
  0.969999373       1.28114212    
  0.979999363       1.30636954    
  0.989999354       1.33236015    
