 # Values of X and Y when h = 0.01
   0.00000000      0.500000000    
   9.99999978E-03  0.500000000    
   1.99999996E-02  0.500100017    
   2.99999993E-02  0.500300050    
   3.99999991E-02  0.500600219    
   4.99999970E-02  0.501000702    
   5.99999949E-02  0.501501679    
   6.99999928E-02  0.502103508    
   7.99999908E-02  0.502806425    
   8.99999887E-02  0.503610909    
   9.99999866E-02  0.504517436    
  0.109999985      0.505526483    
  0.119999982      0.506638646    
  0.129999980      0.507854581    
  0.139999986      0.509175003    
  0.149999991      0.510600686    
  0.159999996      0.512132466    
  0.170000002      0.513771296    
  0.180000007      0.515518129    
  0.190000013      0.517373979    
  0.200000018      0.519339979    
  0.210000023      0.521417320    
  0.220000029      0.523607254    
  0.230000034      0.525911152    
  0.240000039      0.528330326    
  0.250000030      0.530866325    
  0.260000020      0.533520639    
  0.270000011      0.536294937    
  0.280000001      0.539190948    
  0.289999992      0.542210400    
  0.299999982      0.545355201    
  0.309999973      0.548627317    
  0.319999963      0.552028835    
  0.329999954      0.555561841    
  0.339999944      0.559228539    
  0.349999934      0.563031316    
  0.359999925      0.566972554    
  0.369999915      0.571054757    
  0.379999906      0.575280547    
  0.389999896      0.579652667    
  0.399999887      0.584173977    
  0.409999877      0.588847339    
  0.419999868      0.593675911    
  0.429999858      0.598662794    
  0.439999849      0.603811264    
  0.449999839      0.609124780    
  0.459999830      0.614606917    
  0.469999820      0.620261312    
  0.479999810      0.626091778    
  0.489999801      0.632102251    
  0.499999791      0.638296843    
  0.509999812      0.644679785    
  0.519999802      0.651255488    
  0.529999793      0.658028543    
  0.539999783      0.665003657    
  0.549999774      0.672185719    
  0.559999764      0.679579735    
  0.569999754      0.687191010    
  0.579999745      0.695024967    
  0.589999735      0.703087270    
  0.599999726      0.711383700    
  0.609999716      0.719920278    
  0.619999707      0.728703320    
  0.629999697      0.737739265    
  0.639999688      0.747034788    
  0.649999678      0.756596804    
  0.659999669      0.766432583    
  0.669999659      0.776549459    
  0.679999650      0.786955237    
  0.689999640      0.797657847    
  0.699999630      0.808665514    
  0.709999621      0.819986820    
  0.719999611      0.831630647    
  0.729999602      0.843606114    
  0.739999592      0.855922759    
  0.749999583      0.868590415    
  0.759999573      0.881619275    
  0.769999564      0.895019889    
  0.779999554      0.908803165    
  0.789999545      0.922980487    
  0.799999535      0.937563598    
  0.809999526      0.952564597    
  0.819999516      0.967996120    
  0.829999506      0.983871222    
  0.839999497       1.00020349    
  0.849999487       1.01700687    
  0.859999478       1.03429604    
  0.869999468       1.05208588    
  0.879999459       1.07039213    
  0.889999449       1.08923101    
  0.899999440       1.10861933    
  0.909999430       1.12857449    
  0.919999421       1.14911449    
  0.929999411       1.17025816    
  0.939999402       1.19202495    
  0.949999392       1.21443498    
  0.959999382       1.23750925    
  0.969999373       1.26126945    
  0.979999363       1.28573811    
  0.989999354       1.31093860    
