           1  0.729799986      0.243000001    
           2  0.664200008      0.145199999    
           3  0.651199996      0.148200005    
           4  0.625999987      0.154400006    
           5  0.612200022      0.155000001    
           6  0.603600025      0.155800000    
           7  0.610199988      0.153400004    
           8  0.594600022      0.159400001    
           9  0.597599983      0.153799996    
          10  0.586199999      0.155200005    
          11  0.582199991      0.147000000    
          12  0.563600004      0.166800007    
          13  0.582799971      0.157800004    
          14  0.573000014      0.164199993    
          15  0.564199984      0.155599996    
          16  0.560400009      0.165000007    
          17  0.563399971      0.155200005    
          18  0.566200018      0.159199998    
          19  0.569199979      0.160600007    
          20  0.550999999      0.158199996    
          21  0.555400014      0.163000003    
          22  0.560999990      0.164800003    
          23  0.556800008      0.165000007    
          24  0.547599971      0.164000005    
          25  0.559599996      0.157000005    
          26  0.559800029      0.166999996    
          27  0.577000022      0.156599998    
          28  0.567799985      0.158000007    
          29  0.558000028      0.158399999    
          30  0.560000002      0.160600007    
          31  0.561999977      0.154200003    
          32  0.551599979      0.165600002    
          33  0.547999978      0.159999996    
          34  0.560999990      0.161400005    
          35  0.539200008      0.162400007    
          36  0.558000028      0.158399999    
          37  0.545000017      0.170800000    
          38  0.540199995      0.167799994    
          39  0.546400011      0.161400005    
          40  0.543200016      0.167999998    
          41  0.536400020      0.160200000    
          42  0.549199998      0.158399999    
          43  0.538999975      0.159600005    
          44  0.542999983      0.165600002    
          45  0.543200016      0.158600003    
          46  0.536800027      0.171800002    
          47  0.542999983      0.163800001    
          48  0.534399986      0.162200004    
          49  0.557799995      0.162799999    
          50  0.544200003      0.156399995    
          51  0.549399972      0.161599994    
          52  0.540000021      0.165399998    
          53  0.536400020      0.164000005    
          54  0.550999999      0.162000000    
          55  0.539600015      0.165199995    
          56  0.552999973      0.157800004    
          57  0.550599992      0.153999999    
          58  0.534399986      0.164800003    
          59  0.550400019      0.164199993    
          60  0.544600010      0.163599998    
          61  0.530600011      0.163200006    
          62  0.550400019      0.161400005    
          63  0.529600024      0.158600003    
          64  0.536800027      0.164000005    
          65  0.535799980      0.160200000    
          66  0.521799982      0.169799998    
          67  0.522800028      0.160799995    
          68  0.509999990      0.175600007    
          69  0.531400025      0.165399998    
          70  0.527000010      0.163399994    
          71  0.527199984      0.165800005    
          72  0.528400004      0.160200000    
          73  0.527599990      0.169200003    
          74  0.523000002      0.170000002    
          75  0.533399999      0.162000000    
          76  0.504599988      0.173199996    
          77  0.518199980      0.165199995    
          78  0.529999971      0.164399996    
          79  0.521200001      0.165199995    
          80  0.531799972      0.162599996    
          81  0.531199992      0.172999993    
          82  0.535399973      0.155200005    
          83  0.534399986      0.159999996    
          84  0.529999971      0.162400007    
          85  0.530399978      0.165999994    
          86  0.528999984      0.164800003    
          87  0.536000013      0.156399995    
          88  0.517000020      0.170200005    
          89  0.532599986      0.158399999    
          90  0.522599995      0.168799996    
          91  0.522000015      0.165399998    
          92  0.531400025      0.166800007    
          93  0.529600024      0.169799998    
          94  0.529999971      0.170399994    
          95  0.513599992      0.161400005    
          96  0.517400026      0.170399994    
          97  0.525200009      0.157600001    
          98  0.519400001      0.171800002    
          99  0.525600016      0.162400007    
         100  0.523800015      0.155000001    
         101  0.525600016      0.160200000    
         102  0.522800028      0.158000007    
         103  0.518800020      0.167600006    
         104  0.513999999      0.160400003    
         105  0.513800025      0.168200001    
         106  0.526400030      0.161599994    
         107  0.508199990      0.168200001    
         108  0.515600026      0.164600000    
         109  0.509599984      0.160999998    
         110  0.493200004      0.172199994    
         111  0.510999978      0.172199994    
         112  0.524600029      0.161200002    
         113  0.496199995      0.177399993    
         114  0.516200006      0.173199996    
         115  0.513000011      0.163800001    
         116  0.512000024      0.167400002    
         117  0.522000015      0.160400003    
         118  0.507399976      0.158399999    
         119  0.512799978      0.158800006    
         120  0.500000000      0.169000000    
         121  0.498800009      0.167600006    
         122  0.506799996      0.164199993    
         123  0.512199998      0.158399999    
         124  0.504000008      0.165999994    
         125  0.514400005      0.163599998    
         126  0.522400022      0.161599994    
         127  0.515600026      0.159799993    
         128  0.514800012      0.167999998    
         129  0.513400018      0.167400002    
         130  0.519400001      0.163200006    
         131  0.519800007      0.163000003    
         132  0.513000011      0.165000007    
         133  0.514400005      0.162799999    
         134  0.510399997      0.165600002    
         135  0.526600003      0.165199995    
         136  0.516399980      0.166800007    
         137  0.520200014      0.164199993    
         138  0.523400009      0.153799996    
         139  0.508599997      0.162599996    
         140  0.499599993      0.160400003    
         141  0.494800001      0.167600006    
         142  0.497000009      0.170000002    
         143  0.500800014      0.172999993    
         144  0.509400010      0.163399994    
         145  0.502399981      0.173800007    
         146  0.512600005      0.170800000    
         147  0.506799996      0.162799999    
         148  0.508599997      0.165399998    
         149  0.510200024      0.167600006    
         150  0.504199982      0.171000004    
         151  0.529799998      0.165800005    
         152  0.524600029      0.161799997    
         153  0.527599990      0.155000001    
         154  0.516799986      0.171800002    
         155  0.515799999      0.169599995    
         156  0.510399997      0.177000001    
         157  0.514400005      0.171800002    
         158  0.518999994      0.165399998    
         159  0.518800020      0.159199998    
         160  0.515600026      0.159199998    
         161  0.504199982      0.164000005    
         162  0.488799989      0.169599995    
         163  0.496199995      0.176799998    
         164  0.504199982      0.170200005    
         165  0.507399976      0.167600006    
         166  0.502799988      0.170000002    
         167  0.514599979      0.166999996    
         168  0.503000021      0.163800001    
         169  0.514199972      0.165000007    
         170  0.504599988      0.162200004    
         171  0.500000000      0.166199997    
         172  0.498600006      0.163200006    
         173  0.513400018      0.161599994    
         174  0.508000016      0.160600007    
         175  0.496199995      0.173999995    
         176  0.503799975      0.167999998    
         177  0.505800009      0.170399994    
         178  0.509599984      0.166999996    
         179  0.495000005      0.168799996    
         180  0.504599988      0.165800005    
         181  0.514999986      0.169200003    
         182  0.509999990      0.164800003    
         183  0.509400010      0.160799995    
         184  0.497999996      0.172199994    
         185  0.500000000      0.172600001    
         186  0.513400018      0.163200006    
         187  0.490000010      0.167799994    
         188  0.501800001      0.166999996    
         189  0.490999997      0.170000002    
         190  0.493400007      0.174600005    
         191  0.488599986      0.171200007    
         192  0.490200013      0.172600001    
         193  0.506600022      0.162000000    
         194  0.489600003      0.175400004    
         195  0.492599994      0.161799997    
         196  0.490599990      0.176200002    
         197  0.496199995      0.168200001    
         198  0.497399986      0.161400005    
         199  0.489800006      0.163599998    
         200  0.494199991      0.176599994    
         201  0.496199995      0.164000005    
         202  0.486000001      0.165999994    
         203  0.500800014      0.165800005    
         204  0.487399995      0.167799994    
         205  0.500800014      0.169400007    
         206  0.502799988      0.174199998    
         207  0.504400015      0.168599993    
         208  0.492599994      0.166800007    
         209  0.487599999      0.163599998    
         210  0.481999993      0.166800007    
         211  0.491200000      0.173800007    
         212  0.493000001      0.176400006    
         213  0.483200014      0.173999995    
         214  0.500800014      0.167600006    
         215  0.484800011      0.177800000    
         216  0.499000013      0.165999994    
         217  0.493000001      0.172800004    
         218  0.504999995      0.162400007    
         219  0.500599980      0.167400002    
         220  0.490599990      0.170599997    
         221  0.494399995      0.175600007    
         222  0.505400002      0.162599996    
         223  0.470800012      0.174799994    
         224  0.482199997      0.172199994    
         225  0.490599990      0.168400005    
         226  0.478599995      0.165800005    
         227  0.478799999      0.170800000    
         228  0.472600013      0.169599995    
         229  0.477800012      0.174999997    
         230  0.478199989      0.174199998    
         231  0.499000013      0.169599995    
         232  0.492599994      0.158800006    
         233  0.486999989      0.174400002    
         234  0.490200013      0.164600000    
         235  0.488400012      0.173400000    
         236  0.494599998      0.173600003    
         237  0.484400004      0.167199999    
         238  0.501800001      0.164199993    
         239  0.486799985      0.169400007    
         240  0.486000001      0.177599996    
         241  0.487800002      0.171399996    
         242  0.497999996      0.168799996    
         243  0.476200014      0.174199998    
         244  0.488999993      0.165800005    
         245  0.497799993      0.159799993    
         246  0.482400000      0.165999994    
         247  0.485000014      0.170800000    
         248  0.484400004      0.166199997    
         249  0.482800007      0.169599995    
         250  0.497599989      0.166999996    
         251  0.493200004      0.170399994    
         252  0.496199995      0.169599995    
         253  0.483200014      0.174199998    
         254  0.493000001      0.167999998    
         255  0.494399995      0.165800005    
         256  0.509599984      0.168599993    
         257  0.498199999      0.173199996    
         258  0.505800009      0.156800002    
         259  0.498400003      0.157800004    
         260  0.492399991      0.168599993    
         261  0.495799989      0.169400007    
         262  0.497000009      0.165000007    
         263  0.487800002      0.165800005    
         264  0.498400003      0.164199993    
         265  0.490200013      0.165399998    
         266  0.505400002      0.168400005    
         267  0.505400002      0.166800007    
         268  0.483799994      0.173800007    
         269  0.501800001      0.159600005    
         270  0.500400007      0.163800001    
         271  0.490799993      0.158999994    
         272  0.485000014      0.164600000    
         273  0.486999989      0.165999994    
         274  0.489199996      0.166999996    
         275  0.488799989      0.160999998    
         276  0.488599986      0.177399993    
         277  0.482800007      0.166999996    
         278  0.480599999      0.173199996    
         279  0.491200000      0.168599993    
         280  0.498600006      0.167799994    
         281  0.500400007      0.164800003    
         282  0.483999997      0.167600006    
         283  0.483200014      0.177800000    
         284  0.495799989      0.161599994    
         285  0.497599989      0.165199995    
         286  0.483799994      0.168799996    
         287  0.493800014      0.169599995    
         288  0.495400012      0.158199996    
         289  0.490399987      0.166600004    
         290  0.479000002      0.173800007    
         291  0.491400003      0.170599997    
         292  0.491400003      0.166999996    
         293  0.481599987      0.182400003    
         294  0.477600008      0.176799998    
         295  0.507200003      0.162400007    
         296  0.502600014      0.163000003    
         297  0.498600006      0.166800007    
         298  0.505400002      0.158199996    
         299  0.492799997      0.168799996    
         300  0.493800014      0.166800007    
         301  0.500400007      0.164000005    
         302  0.497000009      0.159799993    
         303  0.496800005      0.166600004    
         304  0.502399981      0.167199999    
         305  0.483999997      0.168200001    
         306  0.497200012      0.172000006    
         307  0.515200019      0.164000005    
         308  0.504000008      0.157199994    
         309  0.496800005      0.167400002    
         310  0.493400007      0.162599996    
         311  0.488599986      0.167799994    
         312  0.497200012      0.170399994    
         313  0.495999992      0.172199994    
         314  0.495799989      0.165999994    
         315  0.505200028      0.167600006    
         316  0.503000021      0.172399998    
         317  0.495599985      0.163800001    
         318  0.499199986      0.165000007    
         319  0.494800001      0.170399994    
         320  0.486999989      0.160400003    
         321  0.493400007      0.157399997    
         322  0.497399986      0.174199998    
         323  0.505800009      0.165399998    
         324  0.500599980      0.163800001    
         325  0.499599993      0.163200006    
         326  0.498600006      0.155800000    
         327  0.497799993      0.170000002    
         328  0.488599986      0.165399998    
         329  0.480800003      0.172600001    
         330  0.487599999      0.163800001    
         331  0.484400004      0.167199999    
         332  0.483999997      0.166800007    
         333  0.472200006      0.173600003    
         334  0.486799985      0.170800000    
         335  0.478199989      0.166400000    
         336  0.468199998      0.169200003    
         337  0.487599999      0.170599997    
         338  0.486999989      0.160200000    
         339  0.484800011      0.169200003    
         340  0.480199993      0.177599996    
         341  0.482800007      0.165800005    
         342  0.483599991      0.163599998    
         343  0.471199989      0.174999997    
         344  0.474999994      0.177399993    
         345  0.487199992      0.168400005    
         346  0.493800014      0.166400000    
         347  0.495000005      0.167999998    
         348  0.497399986      0.154599994    
         349  0.495000005      0.160600007    
         350  0.492000014      0.172199994    
         351  0.498800009      0.174400002    
         352  0.506200016      0.160400003    
         353  0.488400012      0.169400007    
         354  0.508400023      0.167199999    
         355  0.497399986      0.168400005    
         356  0.496399999      0.169400007    
         357  0.496399999      0.165999994    
         358  0.489800006      0.173400000    
         359  0.498400003      0.165999994    
         360  0.492199987      0.165800005    
         361  0.501800001      0.163800001    
         362  0.497599989      0.171399996    
         363  0.490000010      0.172000006    
         364  0.483000010      0.171599999    
         365  0.495200008      0.169599995    
         366  0.502200007      0.163599998    
         367  0.488200009      0.180399999    
         368  0.490200013      0.170599997    
         369  0.480800003      0.177399993    
         370  0.488200009      0.177599996    
         371  0.490799993      0.171200007    
         372  0.488999993      0.169200003    
         373  0.490599990      0.165999994    
         374  0.484800011      0.172999993    
         375  0.490599990      0.160200000    
         376  0.490599990      0.159999996    
         377  0.478599995      0.169799998    
         378  0.482800007      0.173800007    
         379  0.487599999      0.163800001    
         380  0.480399996      0.163000003    
         381  0.476999998      0.173600003    
         382  0.481200010      0.166600004    
         383  0.493800014      0.170000002    
         384  0.488599986      0.165600002    
         385  0.468800008      0.175799996    
         386  0.495799989      0.155599996    
         387  0.487599999      0.169000000    
         388  0.482400000      0.171399996    
         389  0.488799989      0.166400000    
         390  0.489199996      0.168400005    
         391  0.486000001      0.170000002    
         392  0.484400004      0.163599998    
         393  0.490799993      0.166800007    
         394  0.472600013      0.169599995    
         395  0.479999989      0.171200007    
         396  0.485799998      0.174400002    
         397  0.484200001      0.168400005    
         398  0.490999997      0.157000005    
         399  0.476999998      0.168599993    
         400  0.488599986      0.159600005    
         401  0.490599990      0.172999993    
         402  0.493800014      0.166199997    
         403  0.480199993      0.165800005    
         404  0.489199996      0.168400005    
         405  0.479000002      0.170599997    
         406  0.481400013      0.171000004    
         407  0.481400013      0.159600005    
         408  0.472799987      0.174400002    
         409  0.478199989      0.170000002    
         410  0.486799985      0.168400005    
         411  0.483200014      0.165000007    
         412  0.484600008      0.174600005    
         413  0.476999998      0.174400002    
         414  0.475400001      0.175400004    
         415  0.469000012      0.171800002    
         416  0.465400010      0.166199997    
         417  0.474400014      0.171599999    
         418  0.470999986      0.172199994    
         419  0.466800004      0.170599997    
         420  0.453999996      0.173199996    
         421  0.456999987      0.165600002    
         422  0.460399985      0.167199999    
         423  0.454600006      0.173999995    
         424  0.456800014      0.167600006    
         425  0.474400014      0.168400005    
         426  0.462000012      0.172000006    
         427  0.450399995      0.170399994    
         428  0.449999988      0.173199996    
         429  0.445800006      0.177200004    
         430  0.475800008      0.163800001    
         431  0.469999999      0.174400002    
         432  0.467000008      0.173999995    
         433  0.484200001      0.165999994    
         434  0.467400014      0.172999993    
         435  0.472799987      0.170800000    
         436  0.486200005      0.169000000    
         437  0.477200001      0.159400001    
         438  0.472999990      0.170200005    
         439  0.474000007      0.172000006    
         440  0.475400001      0.174600005    
         441  0.473399997      0.171000004    
         442  0.477200001      0.173800007    
         443  0.470600009      0.168200001    
         444  0.467599988      0.174999997    
         445  0.490000010      0.170000002    
         446  0.480800003      0.166800007    
         447  0.478599995      0.177000001    
         448  0.488599986      0.174199998    
         449  0.454800010      0.179000005    
         450  0.475199997      0.173999995    
         451  0.473199993      0.156800002    
         452  0.472000003      0.163599998    
         453  0.472200006      0.170599997    
         454  0.475600004      0.174400002    
         455  0.461600006      0.172999993    
         456  0.478199989      0.165399998    
         457  0.470200002      0.166600004    
         458  0.466800004      0.172000006    
         459  0.451999992      0.179399997    
         460  0.467200011      0.169799998    
         461  0.468400002      0.164000005    
         462  0.460599989      0.169200003    
         463  0.465400010      0.167999998    
         464  0.470400006      0.172800004    
         465  0.465000004      0.177599996    
         466  0.468199998      0.161400005    
         467  0.470400006      0.162000000    
         468  0.469999999      0.168400005    
         469  0.463000000      0.178800002    
         470  0.458999991      0.171399996    
         471  0.467599988      0.176799998    
         472  0.471199989      0.169200003    
         473  0.467599988      0.167999998    
         474  0.476000011      0.162200004    
         475  0.447200000      0.182400003    
         476  0.463600010      0.175400004    
         477  0.480199993      0.163000003    
         478  0.456400007      0.177800000    
         479  0.471399993      0.170000002    
         480  0.470600009      0.159999996    
         481  0.450599998      0.171599999    
         482  0.458799988      0.170800000    
         483  0.464399993      0.169799998    
         484  0.449400008      0.172199994    
         485  0.461400002      0.177599996    
         486  0.467999995      0.173800007    
         487  0.457599998      0.172600001    
         488  0.461199999      0.168400005    
         489  0.468400002      0.163399994    
         490  0.458999991      0.173400000    
         491  0.466199994      0.161599994    
         492  0.463800013      0.165399998    
         493  0.470999986      0.168400005    
         494  0.456999987      0.177000001    
         495  0.463800013      0.171000004    
         496  0.462199986      0.169799998    
         497  0.474000007      0.167600006    
         498  0.472400010      0.164000005    
         499  0.461199999      0.157199994    
         500  0.469599992      0.166400000    
         501  0.470999986      0.165199995    
         502  0.470800012      0.166199997    
         503  0.476599991      0.169200003    
         504  0.472999990      0.172600001    
         505  0.456400007      0.176200002    
         506  0.472200006      0.181999996    
         507  0.468199998      0.170399994    
         508  0.466199994      0.177000001    
         509  0.481000006      0.170000002    
         510  0.483799994      0.163399994    
         511  0.487800002      0.165000007    
         512  0.465799987      0.177599996    
         513  0.479999989      0.168200001    
         514  0.476799995      0.170800000    
         515  0.469199985      0.173600003    
         516  0.473800004      0.171399996    
         517  0.467999995      0.168799996    
         518  0.482800007      0.162400007    
         519  0.451200008      0.180399999    
         520  0.487199992      0.169200003    
         521  0.478199989      0.173999995    
         522  0.481000006      0.166600004    
         523  0.483000010      0.170200005    
         524  0.474400014      0.167600006    
         525  0.474999994      0.169400007    
         526  0.482800007      0.167199999    
         527  0.479600012      0.170399994    
         528  0.479200006      0.169599995    
         529  0.480399996      0.168599993    
         530  0.474400014      0.174199998    
         531  0.479400009      0.162599996    
         532  0.489600003      0.160799995    
         533  0.482800007      0.165199995    
         534  0.472400010      0.167999998    
         535  0.472200006      0.174999997    
         536  0.469599992      0.177200004    
         537  0.479400009      0.169400007    
         538  0.479200006      0.170000002    
         539  0.476399988      0.170200005    
         540  0.461400002      0.171200007    
         541  0.468199998      0.173400000    
         542  0.470800012      0.172000006    
         543  0.470200002      0.161200002    
         544  0.468600005      0.174799994    
         545  0.467999995      0.166600004    
         546  0.455399990      0.160400003    
         547  0.453200012      0.178000003    
         548  0.473800004      0.163200006    
         549  0.462199986      0.165199995    
         550  0.462799996      0.178800002    
         551  0.473399997      0.158800006    
         552  0.451400012      0.171399996    
         553  0.463600010      0.170000002    
         554  0.455000013      0.174799994    
         555  0.469599992      0.167400002    
         556  0.471199989      0.167400002    
         557  0.459199995      0.169799998    
         558  0.465400010      0.172399998    
         559  0.452600002      0.164800003    
         560  0.453200012      0.171800002    
         561  0.465600014      0.164399996    
         562  0.451599985      0.172999993    
         563  0.458000004      0.166400000    
         564  0.449200004      0.175200000    
         565  0.466199994      0.169000000    
         566  0.454400003      0.179600000    
         567  0.453200012      0.172999993    
         568  0.462199986      0.174999997    
         569  0.463200003      0.172800004    
         570  0.463999987      0.170000002    
         571  0.462000012      0.172800004    
         572  0.475600004      0.169000000    
         573  0.451799989      0.178000003    
         574  0.467999995      0.173400000    
         575  0.465000004      0.169200003    
         576  0.473199993      0.169000000    
         577  0.460399985      0.173800007    
         578  0.463999987      0.168400005    
         579  0.468400002      0.170000002    
         580  0.462000012      0.164199993    
         581  0.453000009      0.182600006    
         582  0.476799995      0.173600003    
         583  0.476599991      0.159799993    
         584  0.460399985      0.168400005    
         585  0.473800004      0.162599996    
         586  0.478399992      0.159400001    
         587  0.459800005      0.166400000    
         588  0.471399993      0.158399999    
         589  0.449800014      0.180600002    
         590  0.465000004      0.170200005    
         591  0.449400008      0.176599994    
         592  0.456800014      0.177800000    
         593  0.452800006      0.173400000    
         594  0.445800006      0.174400002    
         595  0.452600002      0.175600007    
         596  0.462599993      0.169200003    
         597  0.456400007      0.173600003    
         598  0.456200004      0.171000004    
         599  0.458799988      0.166999996    
         600  0.460599989      0.173199996    
         601  0.459399998      0.171800002    
         602  0.468199998      0.177599996    
         603  0.467000008      0.174999997    
         604  0.462399989      0.169799998    
         605  0.467599988      0.170599997    
         606  0.472999990      0.165000007    
         607  0.458999991      0.169799998    
         608  0.466399997      0.160999998    
         609  0.475400001      0.171399996    
         610  0.473399997      0.171399996    
         611  0.479000002      0.162599996    
         612  0.470400006      0.173600003    
         613  0.483599991      0.167199999    
         614  0.469599992      0.172800004    
         615  0.476999998      0.163800001    
         616  0.463600010      0.168200001    
         617  0.460999995      0.169200003    
         618  0.473800004      0.170000002    
         619  0.459399998      0.172000006    
         620  0.457800001      0.174400002    
         621  0.465600014      0.173600003    
         622  0.471799999      0.165199995    
         623  0.465400010      0.177599996    
         624  0.450199991      0.180600002    
         625  0.461199999      0.162000000    
         626  0.456400007      0.179199994    
         627  0.456600010      0.164600000    
         628  0.463200003      0.166199997    
         629  0.461600006      0.171800002    
         630  0.474999994      0.165600002    
         631  0.458799988      0.164399996    
         632  0.469399989      0.172600001    
         633  0.458999991      0.175200000    
         634  0.470800012      0.171800002    
         635  0.463600010      0.172999993    
         636  0.463800013      0.172000006    
         637  0.467400014      0.162200004    
         638  0.462000012      0.171000004    
         639  0.467200011      0.168799996    
         640  0.474799991      0.170599997    
         641  0.456000000      0.166600004    
         642  0.452399999      0.173199996    
         643  0.467599988      0.171000004    
         644  0.475600004      0.164600000    
         645  0.474999994      0.166600004    
         646  0.467799991      0.172800004    
         647  0.467400014      0.179800004    
         648  0.476599991      0.170800000    
         649  0.478599995      0.169599995    
         650  0.469599992      0.171000004    
         651  0.480800003      0.163200006    
         652  0.486600012      0.168400005    
         653  0.489800006      0.166400000    
         654  0.481999993      0.170800000    
         655  0.491400003      0.170000002    
         656  0.486600012      0.173400000    
         657  0.493200004      0.163800001    
         658  0.481999993      0.179800004    
         659  0.486400008      0.163200006    
         660  0.491200000      0.166800007    
         661  0.479999989      0.162400007    
         662  0.472799987      0.165999994    
         663  0.479000002      0.166600004    
         664  0.484600008      0.166800007    
         665  0.489800006      0.167199999    
         666  0.480800003      0.170800000    
         667  0.502600014      0.163000003    
         668  0.490000010      0.168200001    
         669  0.486999989      0.179000005    
         670  0.503000021      0.163800001    
         671  0.489800006      0.165600002    
         672  0.491600007      0.171200007    
         673  0.494599998      0.157399997    
         674  0.480399996      0.173999995    
         675  0.498199999      0.160999998    
         676  0.486200005      0.164399996    
         677  0.482199997      0.166600004    
         678  0.485799998      0.165600002    
         679  0.488799989      0.168599993    
         680  0.486999989      0.178399995    
         681  0.482600003      0.171000004    
         682  0.495799989      0.164199993    
         683  0.475199997      0.164800003    
         684  0.488000005      0.171399996    
         685  0.505200028      0.160200000    
         686  0.483000010      0.176799998    
         687  0.473800004      0.170200005    
         688  0.484400004      0.167799994    
         689  0.479400009      0.162400007    
         690  0.492399991      0.164000005    
         691  0.488200009      0.165800005    
         692  0.479600012      0.169000000    
         693  0.484600008      0.156599998    
         694  0.481200010      0.175799996    
         695  0.486600012      0.158999994    
         696  0.483599991      0.168400005    
         697  0.489399999      0.163200006    
         698  0.490399987      0.166600004    
         699  0.479999989      0.166999996    
         700  0.487199992      0.162599996    
         701  0.486600012      0.168200001    
         702  0.485599995      0.167999998    
         703  0.488999993      0.162799999    
         704  0.491600007      0.172800004    
         705  0.480800003      0.173600003    
         706  0.482800007      0.179000005    
         707  0.499599993      0.160999998    
         708  0.479600012      0.167199999    
         709  0.480399996      0.171599999    
         710  0.486999989      0.163200006    
         711  0.470200002      0.167999998    
         712  0.468199998      0.168599993    
         713  0.489800006      0.165199995    
         714  0.486400008      0.163000003    
         715  0.481599987      0.171200007    
         716  0.479000002      0.164600000    
         717  0.486600012      0.160600007    
         718  0.475600004      0.161599994    
         719  0.477999985      0.170200005    
         720  0.474999994      0.172600001    
         721  0.486400008      0.158999994    
         722  0.474000007      0.169400007    
         723  0.479799986      0.172999993    
         724  0.481799990      0.170200005    
         725  0.484600008      0.165199995    
         726  0.475800008      0.171200007    
         727  0.483599991      0.164800003    
         728  0.482800007      0.175600007    
         729  0.469199985      0.169400007    
         730  0.470400006      0.177000001    
         731  0.480800003      0.171200007    
         732  0.472600013      0.171800002    
         733  0.464199990      0.164600000    
         734  0.470200002      0.170200005    
         735  0.467599988      0.181799993    
         736  0.462199986      0.178000003    
         737  0.468800008      0.169200003    
         738  0.472799987      0.170000002    
         739  0.469599992      0.171800002    
         740  0.447200000      0.181199998    
         741  0.479600012      0.175799996    
         742  0.478199989      0.165199995    
         743  0.465000004      0.162599996    
         744  0.461600006      0.173600003    
         745  0.469599992      0.170399994    
         746  0.464199990      0.170599997    
         747  0.463999987      0.169599995    
         748  0.464599997      0.172999993    
         749  0.466199994      0.177599996    
         750  0.492000014      0.158800006    
         751  0.469000012      0.174999997    
         752  0.470400006      0.169000000    
         753  0.462799996      0.171800002    
         754  0.470800012      0.171599999    
         755  0.474200010      0.166600004    
         756  0.472999990      0.167799994    
         757  0.471199989      0.176799998    
         758  0.488999993      0.167799994    
         759  0.470999986      0.169799998    
         760  0.477600008      0.170000002    
         761  0.474200010      0.166999996    
         762  0.475199997      0.167600006    
         763  0.481200010      0.164399996    
         764  0.468199998      0.172800004    
         765  0.471399993      0.170200005    
         766  0.465600014      0.167400002    
         767  0.476000011      0.163599998    
         768  0.476599991      0.161200002    
         769  0.467400014      0.169599995    
         770  0.469999999      0.164199993    
         771  0.464599997      0.170000002    
         772  0.464199990      0.158600003    
         773  0.471199989      0.170399994    
         774  0.476200014      0.168799996    
         775  0.474200010      0.172399998    
         776  0.469799995      0.179199994    
         777  0.479600012      0.171000004    
         778  0.474799991      0.180399999    
         779  0.476200014      0.163599998    
         780  0.478599995      0.167199999    
         781  0.472600013      0.170200005    
         782  0.487599999      0.164600000    
         783  0.469999999      0.176799998    
         784  0.464199990      0.168599993    
         785  0.477600008      0.163800001    
         786  0.480800003      0.156000003    
         787  0.467400014      0.169000000    
         788  0.483200014      0.167999998    
         789  0.476599991      0.165600002    
         790  0.474000007      0.164399996    
         791  0.479600012      0.158399999    
         792  0.475400001      0.168799996    
         793  0.475199997      0.166999996    
         794  0.467000008      0.177200004    
         795  0.476000011      0.168599993    
         796  0.471799999      0.169599995    
         797  0.465200007      0.168599993    
         798  0.468600005      0.171599999    
         799  0.458200008      0.172000006    
         800  0.467799991      0.165999994    
         801  0.453799993      0.174799994    
         802  0.457800001      0.174199998    
         803  0.468199998      0.170800000    
         804  0.459199995      0.167799994    
         805  0.454800010      0.164600000    
         806  0.458999991      0.168799996    
         807  0.462399989      0.165199995    
         808  0.460999995      0.178200006    
         809  0.465600014      0.165199995    
         810  0.459199995      0.170200005    
         811  0.454400003      0.172600001    
         812  0.458999991      0.173600003    
         813  0.450399995      0.160799995    
         814  0.452600002      0.169799998    
         815  0.443800002      0.182400003    
         816  0.447600007      0.176599994    
         817  0.456600010      0.172999993    
         818  0.456200004      0.163399994    
         819  0.455599993      0.164800003    
         820  0.452600002      0.169400007    
         821  0.453999996      0.165999994    
         822  0.459800005      0.167799994    
         823  0.475400001      0.165399998    
         824  0.442000002      0.181799993    
         825  0.468600005      0.172999993    
         826  0.461400002      0.167999998    
         827  0.462000012      0.165600002    
         828  0.449999988      0.170599997    
         829  0.452800006      0.173600003    
         830  0.456200004      0.172800004    
         831  0.455199987      0.177800000    
         832  0.470800012      0.167199999    
         833  0.448799998      0.173800007    
         834  0.470999986      0.169000000    
         835  0.461600006      0.165800005    
         836  0.451999992      0.170000002    
         837  0.461800009      0.176599994    
         838  0.471799999      0.163399994    
         839  0.467200011      0.166400000    
         840  0.469199985      0.159199998    
         841  0.463400006      0.159400001    
         842  0.447800010      0.170399994    
         843  0.467599988      0.171800002    
         844  0.449200004      0.167600006    
         845  0.443599999      0.172800004    
         846  0.453200012      0.165399998    
         847  0.445199996      0.175600007    
         848  0.454800010      0.161799997    
         849  0.448799998      0.164199993    
         850  0.453200012      0.172800004    
         851  0.445400000      0.174600005    
         852  0.449999988      0.182600006    
         853  0.469199985      0.168200001    
         854  0.462000012      0.169000000    
         855  0.454200000      0.170000002    
         856  0.452199996      0.171000004    
         857  0.464399993      0.166600004    
         858  0.444999993      0.171599999    
         859  0.461199999      0.179000005    
         860  0.460000008      0.174600005    
         861  0.464199990      0.168599993    
         862  0.460000008      0.168799996    
         863  0.465200007      0.167199999    
         864  0.449600011      0.168799996    
         865  0.448000014      0.174600005    
         866  0.461800009      0.165000007    
         867  0.449400008      0.170599997    
         868  0.450199991      0.175400004    
         869  0.467000008      0.160999998    
         870  0.466800004      0.172800004    
         871  0.467000008      0.166600004    
         872  0.464800000      0.184400007    
         873  0.464599997      0.170800000    
         874  0.461199999      0.175400004    
         875  0.469799995      0.169799998    
         876  0.466800004      0.173400000    
         877  0.476599991      0.170200005    
         878  0.461600006      0.179399997    
         879  0.457599998      0.173400000    
         880  0.466800004      0.170000002    
         881  0.461400002      0.160600007    
         882  0.459399998      0.166600004    
         883  0.470800012      0.168599993    
         884  0.475400001      0.163599998    
         885  0.469399989      0.173600003    
         886  0.466600001      0.177800000    
         887  0.472200006      0.171200007    
         888  0.469799995      0.165999994    
         889  0.459800005      0.166999996    
         890  0.461199999      0.165000007    
         891  0.450199991      0.176400006    
         892  0.463400006      0.167199999    
         893  0.464599997      0.166800007    
         894  0.465000004      0.172800004    
         895  0.455399990      0.166800007    
         896  0.463000000      0.174799994    
         897  0.462199986      0.163399994    
         898  0.462199986      0.174999997    
         899  0.453799993      0.166800007    
         900  0.471399993      0.164600000    
         901  0.451000005      0.163399994    
         902  0.446399987      0.173800007    
         903  0.463000000      0.179800004    
         904  0.462199986      0.162599996    
         905  0.467400014      0.163000003    
         906  0.453999996      0.165399998    
         907  0.454800010      0.165000007    
         908  0.449999988      0.174600005    
         909  0.463000000      0.165399998    
         910  0.458600014      0.168799996    
         911  0.458200008      0.177800000    
         912  0.466199994      0.175799996    
         913  0.469199985      0.169200003    
         914  0.467599988      0.169599995    
         915  0.472000003      0.166600004    
         916  0.468600005      0.168400005    
         917  0.467000008      0.163599998    
         918  0.439000010      0.184400007    
         919  0.468800008      0.163599998    
         920  0.460599989      0.178599998    
         921  0.456400007      0.173600003    
         922  0.463400006      0.169599995    
         923  0.453999996      0.161599994    
         924  0.462599993      0.170000002    
         925  0.454200000      0.163399994    
         926  0.442000002      0.170399994    
         927  0.442600012      0.179800004    
         928  0.437200010      0.173199996    
         929  0.451400012      0.171200007    
         930  0.439799994      0.169599995    
         931  0.445400000      0.174600005    
         932  0.434199989      0.174999997    
         933  0.444799989      0.167600006    
         934  0.443599999      0.162400007    
         935  0.435000002      0.177599996    
         936  0.449400008      0.170599997    
         937  0.444999993      0.175200000    
         938  0.446200013      0.167400002    
         939  0.450399995      0.166999996    
         940  0.465200007      0.156800002    
         941  0.436800003      0.171000004    
         942  0.447800010      0.180800006    
         943  0.444000006      0.176799998    
         944  0.460599989      0.163800001    
         945  0.435600013      0.164199993    
         946  0.434199989      0.172000006    
         947  0.448399991      0.168799996    
         948  0.448399991      0.159799993    
         949  0.437999994      0.185000002    
         950  0.447200000      0.174999997    
         951  0.453200012      0.170399994    
         952  0.433200002      0.169799998    
         953  0.433999985      0.175799996    
         954  0.434599996      0.174799994    
         955  0.439399987      0.169000000    
         956  0.447600007      0.168599993    
         957  0.431199998      0.179000005    
         958  0.444799989      0.170000002    
         959  0.449600011      0.165800005    
         960  0.433200002      0.165600002    
         961  0.441399992      0.172000006    
         962  0.437400013      0.180600002    
         963  0.436800003      0.169200003    
         964  0.439200014      0.173800007    
         965  0.438600004      0.178800002    
         966  0.447800010      0.172199994    
         967  0.444999993      0.169799998    
         968  0.444200009      0.172600001    
         969  0.440400004      0.171399996    
         970  0.436800003      0.169599995    
         971  0.439799994      0.164399996    
         972  0.423599988      0.172999993    
         973  0.435799986      0.168200001    
         974  0.433800012      0.177200004    
         975  0.433200002      0.183400005    
         976  0.432000011      0.179800004    
         977  0.428200006      0.174799994    
         978  0.416000009      0.172999993    
         979  0.418000013      0.185800001    
         980  0.416999996      0.173800007    
         981  0.423400015      0.168400005    
         982  0.412200004      0.173999995    
         983  0.413800001      0.173800007    
         984  0.399399996      0.180399999    
         985  0.406800002      0.164800003    
         986  0.408600003      0.173400000    
         987  0.400999993      0.182999998    
         988  0.401400000      0.176799998    
         989  0.408600003      0.178000003    
         990  0.402999997      0.165199995    
         991  0.394400001      0.171599999    
         992  0.392199993      0.178000003    
         993  0.389600009      0.174400002    
         994  0.376800001      0.181199998    
         995  0.364600003      0.186199993    
         996  0.353399992      0.185200006    
         997  0.330399990      0.192800000    
         998  0.301200002      0.193599999    
         999  0.204200000      0.168200001    
        1000  0.314799994       0.00000000    
